0.13053687693457147
0.12050378909168534
0.11604760379976518
0.12375920589177074
0.29880456825701784
0.19238979613619384
0.18323727185398656
0.2489059664852172
0.16786743515850144
0.19874052727078664
0.2160849610417334
0.1590351158074501
0.2196605827729747
0.2249973316255737
0.2573380296723236
0.19463123065428542
0.18862738819511154
0.2763101718433131
0.2960294588536663
0.21725904578930516
0.20146226918561214
0.1660262568043548
0.2889849503682357
0.23278898495036823
0.1666132991781407
0.27089337175792505
0.28057957092539226
0.23812573380296723
0.26494289678727717
0.2812466645319671
0.2367915465898175
0.22699861244529831
0.3011794214964244
